92
73
98
71
67
16
37
96
99
28
77
77
45
27
53
31
54
67
38
64
79
44
71
27
88
46
44
84
99
45
22
61
79
56
93
82
76
49
34
47
95
19
91
46
99
99
18
69
13
33
22
69
11
51
78
39
24
22
88
55
77
68
43
16
48
12
93
31
66
89
33
78
12
15
29
85
49
97
23
55
37
52
84
18
93
23
47
36
74
65
89
65
32
19
48
29
63
88
49
87
63
94
96
37
12
23
27
47
63
84
77
55
26
72
64
74
42
55
35
34
94
95
51
22
82
25
69
22
55
69
46
67
27
44
99
14
23
44
17
69
71
47
23
26
73
26
89
77
79
19
71
11
18
49
28
89
41
98
11
83
36
89
54
75
73
59
55
22
95
29
56
36
69
98
91
98
74
43
87
51
17
28
55
87
11
85
63
45
39
85
37
87
45
75
52
33
87
65
72
51
73
81
77
57
16
93
97
15
49
13
76
35
67
37
44
53
85
51
79
84
18
37
29
69
62
13
28
66
72
79
83
97
76
94
11
44
22
47
82
66
63
12
22
26
57
55
86
28
69
86
73
71
81
81
72
15
11
53
89
78
54
39
57
81
29
97
53
49
86
39
52
19
93
82
85
55
61
75
55
78
94
98
88
35
78
24
61
12
24
33
23
44
27
78
83
22
74
66
28
64
45
82
25
87
23
11
15
98
54
81
92
77
73
18
55
77
72
84
76
27
11
27
22
26
81
98
24
41
96
32
63
88
99
49
72
57
41
54
59
27
69
47
44
28
51
25
54
61
72
97
16
86
81
43
52
57
32
22
44
78
96
11
93
83
39
95
24
62
68
45
25
27
25
22
44
57
78
55
44
69
88
19
39
49
37
91
76
73
41
41
36
27
61
76
69
11
45
11
26
46
29
31
57
77
22
19
42
62
19
16
83
82
27
17
46
73
88
85
42
83
78
28
71
94
68
76
22
92
59
72
77
85
33
69
34
81
82
87
16
29
32
45
75
13
62
89
11
58
81
44
36
11
57
45
19
28
97
77
92
14
12
59
15
68
92
74
43
26
75
18
31
63
59
59
54
88
94
88
71
42
45
81
98
95
33
36
33
46
85
11
41
38
33
29
14
81
13
94
34
74
63
35
13
79
96
75
12
52
58
93
72
35
11
33
62
71
23
81
74
89
51
75
14
11
37
44
83
54
33
34
95
44
16
29
14
39
41
54
36
26
74
32
17
17
73
63
92
77
75
38
58
22
19
11
73
23
34
66
39
44
95
92
78
22
26
46
71
25
92
46
54
36
44
18
87
57
29
75
59
41
59
22
83
97
19
29
69
45
15
44
88
18
11
24
29
96
18
53
91
99
79
23
18
15
48
12
78
56
69
33
17
44
18
21
37
85
44
94
14
11
33
43
32
97
16
33
36
66
36
18
84
24
75
59
95
94
56
37
66
11
18
74
46
97
87
82
84
28
25
39
21
46
87
57
52
86
75
71
31
38
69
88
64
92
28
59
37
91
33
28
78
43
88
11
57
66
57
67
39
43
18
75
73
96
15
32
33
66
22
33
61
76
21
83
67
77
65
39
99
56
12
96
22
87
14
19
22
93
55
16
45
18
92
34
88
71
49
67
48
72
77
59
98
85
89
88
99
53
42
91
99
33
82
64
91
58
72
52
82
31
18
25
75
79
34
62
48
52
57
44
99
71
79
35
84
31
12
76
71
81
29
42
81
54
14
89
85
45
49
81
27
91
95
14
86
55
93
83
51
82
94
81
22
88
31
48
66
51
41
35
28
75
27
54
27
27
21
23
19
13
84
98
95
13
77
34
93
88
17
76
17
78
87
11
84
21
52
24
73
96
82
31
45
62
24
87
59
96
14
71
52
28
85
23
78
87
82
53
26
67
53
63
41
46
43
77
79
68
83
62
83
42
64
21
31
18
21
18
52
14
72
22
31
54
62
48
11
12
57
19
44
64
54
55
88
13
59
25
73
16
17
34
44
75
24
74
23
83
67
77
96
36
71
39
99
62
44
46
27
11
76
27
99
22
38
25
85
91
97
44
66
24
86
71
74
29
68
65
13
44
34
51
24
64
41
59
97
28
52
71
85
85
28
13
44
11
78
16
97
22
97
35
43
99
74
63
23
75
52
87
17
31
66
14
15
23
83
73
69
37
24
23
28
88
67
62
57
75
76
71
76
65
56
95
11
91
22
25
28
43
29
16
87
42
24
82
27
28
24
38
69
27
45
52
59
58
67
74
61
95