92
73
9986
8
7
777
1
9
975
6
9
22
7
67
5
7
5
3
3
52
52
7
4
7
7938
67
4
7
9
4
9
4
1
7
8
4
4
18
4
95
45
9
1
29
35
7
56189
5
149
6
9649
8
34
42
3
66
46248
9
3
4
491
7
95
5
14
37
1
4
6
9
19
25
613
9
123
3
2
863
1
1
5
6
1
8
3
6
279
8
2
8
5
7
528
4
53
11
4788
1
2
9
7
37
2
6
8
8
3
7
6298
42
5
2
9
818
81
4
32
9
1
2573
5
3
7
55
42
64
13
8
18
93
2
3
47
6
74
6745
839
6128
5
37
3
9
89
5
6
8
8
439
8
57
6
9
4
9
12
6
37
4
4
21
2
9
3
85
7
4
7
6
5
6
283
8
9
7
1
9
5
46
95
3
6
7
2
4
36
4
2
5
3
31
4
975
7
6
82
21
2
87
2
5
6
2
5
1
4
6
1
3
2
457
76
9
1
14
5
3
4
57
6
9
69
1
44
5
26
2
2
3
2
4
6
89
76
9
16
7
1
1
1
47
88
4
8
9
4
5
5
1
83
6
9
9
5
7
9
3
7
5
41
5
7
2
11
7
5
2
63
6
3
63
9
8
1
96
2
8
1
2
4
6
1
8
77
5
1
285
2
99
8
5
629
5
8
7
11
5
44
9
4
83
39
8
6
53
32
7
937
5
75
1
7
3
797
347
85
7
56
5
5
3
6
41
6
2
7
1
6
92
68
9
6
5
419
3
72
3
96
6
7
47
5
4
273
8
2
5
5
5
436
9
8
957
3
9
8
3
2
2
9
6
62
3
3
677
6
762
75
68
79
5
1
2
16
77
8
7
2
5
7
8
5
2
6
6
6
3
1
8
32
2
76
446
57
3
8
66
8
1
44
9
876
74
19
3
8
45
4
8
8
771782
5
1
3
72
7
54
3
58
8
9
9
9
4
17
5
49
8
6
5
99
5
11
3
9
3
89
8
5
5
6
1
768
9
5
5
5
79
4
9
8
9
8
8
3
3
949
8
2
4
1
6
4
2
4
3
3
13
4
17
6
88
53
2
74
583
74
6
2
1
6
45
862
3
5
8
9
4
5
1
1
5
9
8
5
8
16
9
4
3
7
7
1
66
5
5
7
2
4
7
25
1
37
2
2423
3484
91
2
4
561
5
3
3
8
8
9
4
4
7
8
4
8
87
54
4
2
5
9
2
9
3
9
47
4
77
8
5
4
2
46
5
5
3
1
6
1
7
6
3
3
3
7
6
8
24
8
9
55
3
552
5
7
1
2
4
8
2
6
1
9
2
9
3
8
34
78
8
2
94
68
2
65
8
476
5
5
2
7
28
4
5
2
4
5
8
5
4
42
1
37
9
4
8
78
19
3
9
416
8
9
36
1
6
7
5
4
7
59
6
2
77
224
7
6
59
1
1
44
61
7
51
4
6
9
6
3
5
9
7
26
4
29
76
62
6
8
4
1
16
88
412
78
1877
4
379
78
25
2
8
8
25
3
9224
628
7
6
54
24
22
9
5
6531
7
7
6
8
1
65
3
62
3
8
8
1
8
3
2
1
3
96
2
19
7
4
4
7
1
6
8
4
1
8
51
4
6
1
5
4
3
46
9
78
9
7
978
8
12
1
1
53
9
1
7
6
1
298
99
1
7
5977
3
856
7
7
1
5
37
7
6
3
8
9
9
5
6
89
8
9
3
8
79
1
45
2
5
8
139
9
9
6
5
911
3
8
3
6
8
5
1
1
581
747
3
2
9
1
5
94
8
81
1
572
5
94
3
4
7
3
6
8
6
386
5
487
88
19
92
6
6
7
8719
55
12
2
6
1
33
7
2
31
5
45
721
3
3
6
7
45
6
1
1
266
83
88
773
4
86
651
5
1
5
1
2
4
1
7
4
82
3
57
25
3
13
31
44
925
4
1
5
5
9
1
881
35
9
4
1
4
3
2
4
3
2
1
3
1
8
7
3
6
5
797
3
7
753
3
15
3
8
5
56
62
1
299
1
7
4
73
53
8
51
6
3
4
9
8
5
9
54
6
2
2
4
516
45
9
6
1
2
4
957
2
41
27
1
4
3
61
4
28
4
9
8
7
47
3
77
2
69
7
4
5
57
4
1
5
1
7
2
8
3
9
27
2
15
1
9
2
16
9
58
9
8
5
8
4
86
9
88
1
1
67
29
44
4
1
58
53
92
1
9
7
89
2
8
171
4
8
153
7
4
5
512
1
6
29
37
7
7
4
1
648
214
1
7
8
4
964
5
4
116
3
49
1
2
2
9
8
12
9
3
7
66866
9
896
1
85
8
4
2
65
5
7
92
5
4
4
6
3
7
6
192
18
5
4
46
7
67
82
8
4
2
55
3
3
89
5
1
4
18
6
8
5
7
5
2
7
5
46
7
5
7
9
352
7
31
6
8
643
5
2
2
5
9
2
95
1
3
8
968
6
6
893
6
8
3
2
71
688
67
54
7
6
4
7
9
4
3
583
4
7
885
7
3
6
5
5
35
6
2
9686
2
2
3
8
76
1
6
37
17
69
2
3
69
9
56
542
6
4
2
24
8
6
7
5
1
8
2
9
3
3
5
9
4
3
5
15
9
2
9
7
8
632
8
7
1
4
7
4
3
6
72
7
7
9
8
8
55
8
18
99
5
3
46
2
1
9
3
3
3
8
2
3
2
8
5
9
9
94
8
7
52
8
8
2
1
1
27
1
7
5
7
37
4
6
2
4
6
524
4
9
1
72
6
5
45
3
97
2
7
1
96
18
4
1
3
1
9
4
8
8
54
1
4
89
382
5
87785
5
8
24
3
8
9
6
1
5
8
6
5
96
25
88
146
51
242
3
4
84
1
49
7
88
1
6
5
6
3
1
1
3
2
25
2
7
3
6
7
2
4
5
25
2
4
1
61
2
88
1
4
4
9
98
9
2
9
19
33
7
3
4
4
9
858
1
97
7
37
7
71
7
8927
1
684
2
4
3
5
998
2
2
7
7
3
91
6
886
22
3
4
8
6
658
2
15
4
7
7
2
8
9
96
1
44
92
8
8
2
1
515
71
7
7478
9
5
89
9
5
1
38
6
9
6
4
3
69
23
1
4
4
3
7
85
74
3
8
3
6
8343
4
9
4
3
1
3
14
97
2
268
82
53
842
1
1
4
7
2
2
948
577
174
9
4
1
4
1
65
58
7
9
5
4
68
4
4
5
8
5
9
98
8
2
9
279
1
3
3
3
16
7
17
321
88
4
39
23
7
77
4
519
3
8
6
6
64
6
3
11
3
9
9
49
62
4
4
72
7
194
1
15
1
7
9
21
23
9
3
417
25
8
9
9
1
3
7
434
6
19
8
7
33
7
421
7
8
4
2
9
69
6211
53
4
3
4
342
61
2
2
5
4
3
5289
937
2
8
56
7
1
3
8
7
75
8
65
2
93
43
1
18
76
92
2
9
8
25
23
7
3
9
4
6
43
569
53
75
1
4522
1
14
3
7
1
6
6
1
7
6
1
5
2
8413
7
44
67
3
7
4
2
12
938
8
7
7
4572
51
7
4
55
74
35
72
6
6
5
76
925
11
7
2
2
2
4
723
49
1
1
66
881
5
2
2
24
4
62
7
4
5
122
3
8
9
267
1
5
5
5
5
7
7
74
3
1
9
9
5
